0	20030224.035149	20020325.143239
1	20020531.131535	20020402.010117
10	20020402.014536	20020525.205719
11	20020525.161559	20020329.044912
12	20020404.225757	20020330.074008
13	20020325.222715	20020329.130946
14	20020502.193542	20020525.190515
15	20020525.162723	20020403.162443
16	20020402.001718	20020326.050840
17	20020406.022229	20020406.022229
2	20020521.010139	20020319.010342
3	20020712.034551	20020331.220427
4	20020413.105426	20020404.203410
5	20020520.105537	20020304.234109
6	20020627.090411	20020402.152019
7	20020329.210627	20020324.230925
8	20020325.141511	20020329.034313
9	20020328.195148	20020525.161312
